 400  0.000000000000E+00  3.788230419159E+00  1.894401788712E+00  9.993683695793E-01  6.319999811240E-04
 399  3.788230419159E+00  1.137576389313E+01  7.583150386810E+00  9.974753260612E-01  2.530999947339E-03
 398  1.137576389313E+01  1.898096656799E+01  1.517952823639E+01  9.949560761452E-01  5.069499835372E-03
 397  1.898096656799E+01  2.660372543335E+01  2.279351806641E+01  9.924405813217E-01  7.617000024766E-03
 396  2.660372543335E+01  3.424393081665E+01  3.042501068115E+01  9.899289011955E-01  1.017349958420E-02
 395  3.424393081665E+01  4.190146636963E+01  3.807389068604E+01  9.874212741852E-01  1.273899991065E-02
 394  4.190146636963E+01  4.957622146606E+01  4.574004364014E+01  9.849174618721E-01  1.531349960715E-02
 393  4.957622146606E+01  5.726808166504E+01  5.342336273193E+01  9.824176430702E-01  1.789700053632E-02
 392  5.726808166504E+01  6.497693634033E+01  6.112372970581E+01  9.799219369888E-01  2.048950083554E-02
 391  6.497693634033E+01  7.270562744141E+01  6.884251403809E+01  9.774296283722E-01  2.309150062501E-02
 390  7.270562744141E+01  8.044812011719E+01  7.657811737061E+01  9.749416112900E-01  2.570250071585E-02
 389  8.044812011719E+01  8.821021270752E+01  8.433042144775E+01  9.724575877190E-01  2.832249924541E-02
 388  8.821021270752E+01  9.599178314209E+01  9.210226440430E+01  9.699768424034E-01  3.095250017941E-02
 387  9.599178314209E+01  1.037897567749E+02  9.989204406738E+01  9.674997329712E-01  3.359200060368E-02
 386  1.037897567749E+02  1.116040115356E+02  1.076981658936E+02  9.650269746780E-01  3.624049946666E-02
 385  1.116040115356E+02  1.194373703003E+02  1.155219879150E+02  9.625579714775E-01  3.889850154519E-02
 384  1.194373703003E+02  1.272897186279E+02  1.233648529053E+02  9.600923061371E-01  4.156649857759E-02
 383  1.272897186279E+02  1.351579742432E+02  1.312251586914E+02  9.576305747032E-01  4.424399882555E-02
 382  1.351579742432E+02  1.430449676514E+02  1.391027984619E+02  9.551727771759E-01  4.693099856377E-02
 381  1.430449676514E+02  1.509505462646E+02  1.469990997314E+02  9.527184963226E-01  4.962800070643E-02
 380  1.509505462646E+02  1.588746032715E+02  1.549139404297E+02  9.502677321434E-01  5.233500152826E-02
 379  1.588746032715E+02  1.668170013428E+02  1.628471679688E+02  9.478205442429E-01  5.505200102925E-02
 378  1.668170013428E+02  1.747775878906E+02  1.707986755371E+02  9.453771114349E-01  5.777899920940E-02
 377  1.747775878906E+02  1.827562561035E+02  1.787683105469E+02  9.429371953011E-01  6.051599979401E-02
 376  1.827562561035E+02  1.907528686523E+02  1.867559661865E+02  9.405011534691E-01  6.326299905777E-02
 375  1.907528686523E+02  1.987672729492E+02  1.947614898682E+02  9.380686879158E-01  6.601999700069E-02
 374  1.987672729492E+02  2.068022613525E+02  2.027861938477E+02  9.356397390366E-01  6.878750026226E-02
 373  2.068022613525E+02  2.148547821045E+02  2.108299560547E+02  9.332140684128E-01  7.156550139189E-02
 372  2.148547821045E+02  2.229246978760E+02  2.188911743164E+02  9.307923913002E-01  7.435350120068E-02
 371  2.229246978760E+02  2.310147552490E+02  2.269711761475E+02  9.283740520477E-01  7.715199887753E-02
 370  2.310147552490E+02  2.391219329834E+02  2.350698089600E+02  9.259592890739E-01  7.996100187302E-02
 369  2.391219329834E+02  2.472489624023E+02  2.431869354248E+02  9.235482215881E-01  8.278050273657E-02
 368  2.472489624023E+02  2.553957061768E+02  2.513238372803E+02  9.211402535439E-01  8.561100065708E-02
 367  2.553957061768E+02  2.635591430664E+02  2.594789428711E+02  9.187359809875E-01  8.845199644566E-02
 366  2.635591430664E+02  2.717448730469E+02  2.676535339355E+02  9.163349866867E-01  9.130399674177E-02
 365  2.717448730469E+02  2.799470214844E+02  2.758474731445E+02  9.139372706413E-01  9.416700154543E-02
 364  2.799470214844E+02  2.881682739258E+02  2.840591735840E+02  9.115433692932E-01  9.704049676657E-02
 363  2.881682739258E+02  2.964084777832E+02  2.922899169922E+02  9.091528654099E-01  9.992499649525E-02
 362  2.964084777832E+02  3.046703491211E+02  3.005409851074E+02  9.067654609680E-01  1.028209999204E-01
 361  3.046703491211E+02  3.129480590820E+02  3.088107910156E+02  9.043815135956E-01  1.057280004025E-01
 360  3.129480590820E+02  3.212471008301E+02  3.170991821289E+02  9.020011425018E-01  1.086459979415E-01
 359  3.212471008301E+02  3.295645141602E+02  3.254060058594E+02  8.996244072914E-01  1.115749999881E-01
 358  3.295645141602E+02  3.379029235840E+02  3.337339172363E+02  8.972504734993E-01  1.145159974694E-01
 357  3.379029235840E+02  3.462593994141E+02  3.420827941895E+02  8.948794603348E-01  1.174689978361E-01
 356  3.462593994141E+02  3.546365661621E+02  3.504496459961E+02  8.925121426582E-01  1.204330027103E-01
 355  3.546365661621E+02  3.630314636230E+02  3.588370666504E+02  8.901477456093E-01  1.234090030193E-01
 354  3.630314636230E+02  3.714467163086E+02  3.672393493652E+02  8.877880573273E-01  1.263950020075E-01
 353  3.714467163086E+02  3.798849792480E+02  3.756675415039E+02  8.854297995567E-01  1.293949931860E-01
 352  3.798849792480E+02  3.883404846191E+02  3.841130371094E+02  8.830755352974E-01  1.324059963226E-01
 351  3.883404846191E+02  3.968158264160E+02  3.925812683105E+02  8.807235956192E-01  1.354299932718E-01
 350  3.968158264160E+02  4.053108825684E+02  4.010637207031E+02  8.783764839172E-01  1.384640038013E-01
 349  4.053108825684E+02  4.138254699707E+02  4.095713500977E+02  8.760310411453E-01  1.415120065212E-01
 348  4.138254699707E+02  4.223594360352E+02  4.180928344727E+02  8.736905455589E-01  1.445699930191E-01
 347  4.223594360352E+02  4.309153137207E+02  4.266391601562E+02  8.713518381119E-01  1.476420015097E-01
 346  4.309153137207E+02  4.394929809570E+02  4.352045593262E+02  8.690166473389E-01  1.507260054350E-01
 345  4.394929809570E+02  4.480894775391E+02  4.437944335938E+02  8.666833043098E-01  1.538240015507E-01
 344  4.480894775391E+02  4.567046203613E+02  4.524002685547E+02  8.643543124199E-01  1.569329947233E-01
 343  4.567046203613E+02  4.653410034180E+02  4.610246582031E+02  8.620288372040E-01  1.600539982319E-01
 342  4.653410034180E+02  4.740011596680E+02  4.696729431152E+02  8.597055673599E-01  1.631889939308E-01
 341  4.740011596680E+02  4.826766967773E+02  4.783394470215E+02  8.573858141899E-01  1.663359999657E-01
 340  4.826766967773E+02  4.913756408691E+02  4.870266723633E+02  8.550691604614E-01  1.694959998131E-01
 339  4.913756408691E+02  5.000977783203E+02  4.957399902344E+02  8.527541160583E-01  1.726710051298E-01
 338  5.000977783203E+02  5.088374938965E+02  5.044682006836E+02  8.504436016083E-01  1.758569926023E-01
 337  5.088374938965E+02  5.175972900391E+02  5.132193603516E+02  8.481354117393E-01  1.790570020676E-01
 336  5.175972900391E+02  5.263796997070E+02  5.219904785156E+02  8.458304405212E-01  1.822700053453E-01
 335  5.263796997070E+02  5.351845703125E+02  5.307841186523E+02  8.435280323029E-01  1.854970008135E-01
 334  5.351845703125E+02  5.440089111328E+02  5.396000976562E+02  8.412282466888E-01  1.887380033731E-01
 333  5.440089111328E+02  5.528553466797E+02  5.484328002930E+02  8.389325141907E-01  1.919910013676E-01
 332  5.528553466797E+02  5.617208251953E+02  5.572901000977E+02  8.366387486458E-01  1.952590048313E-01
 331  5.617208251953E+02  5.706106567383E+02  5.661691284180E+02  8.343477249146E-01  1.985410004854E-01
 330  5.706106567383E+02  5.795191650391E+02  5.750669555664E+02  8.320602774620E-01  2.018360048532E-01
 329  5.795191650391E+02  5.884518432617E+02  5.839887695312E+02  8.297750353813E-01  2.051459997892E-01
 328  5.884518432617E+02  5.974022827148E+02  5.929290161133E+02  8.274932503700E-01  2.084690034389E-01
 327  5.974022827148E+02  6.063764038086E+02  6.018928222656E+02  8.252139091492E-01  2.118069976568E-01
 326  6.063764038086E+02  6.153738403320E+02  6.108772583008E+02  8.229376077652E-01  2.151589989662E-01
 325  6.153738403320E+02  6.243918457031E+02  6.198848876953E+02  8.206636309624E-01  2.185260057449E-01
 324  6.243918457031E+02  6.334323730469E+02  6.289153442383E+02  8.183922171593E-01  2.219080030918E-01
 323  6.334323730469E+02  6.424952392578E+02  6.379658813477E+02  8.161240220070E-01  2.253039926291E-01
 322  6.424952392578E+02  6.515780639648E+02  6.470388793945E+02  8.138583898544E-01  2.287150025368E-01
 321  6.515780639648E+02  6.606856079102E+02  6.561340332031E+02  8.115954399109E-01  2.321410030127E-01
 320  6.606856079102E+02  6.698126831055E+02  6.652512817383E+02  8.093351721764E-01  2.355819940567E-01
 319  6.698126831055E+02  6.789638061523E+02  6.743902587891E+02  8.070777654648E-01  2.390380054712E-01
 318  6.789638061523E+02  6.881390380859E+02  6.835534667969E+02  8.048225045204E-01  2.425100058317E-01
 317  6.881390380859E+02  6.973327636719E+02  6.927379150391E+02  8.025701642036E-01  2.459969967604E-01
 316  6.973327636719E+02  7.065527343750E+02  7.019461059570E+02  8.003200888634E-01  2.495000064373E-01
 315  7.065527343750E+02  7.157934570312E+02  7.111751708984E+02  7.980731129646E-01  2.530179917812E-01
 314  7.157934570312E+02  7.250572509766E+02  7.204274291992E+02  7.958285808563E-01  2.565520107746E-01
 313  7.250572509766E+02  7.343438720703E+02  7.297026977539E+02  7.935865521431E-01  2.601020038128E-01
 312  7.343438720703E+02  7.436531372070E+02  7.390006713867E+02  7.913470268250E-01  2.636680006981E-01
 311  7.436531372070E+02  7.529873657227E+02  7.483237304688E+02  7.891096472740E-01  2.672510147095E-01
 310  7.529873657227E+02  7.623436889648E+02  7.576690063477E+02  7.868749499321E-01  2.708500027657E-01
 309  7.623436889648E+02  7.717218627930E+02  7.670362548828E+02  7.846429944038E-01  2.744649946690E-01
 308  7.717218627930E+02  7.811242065430E+02  7.764252319336E+02  7.824138402939E-01  2.780959904194E-01
 307  7.811242065430E+02  7.905504760742E+02  7.858408813477E+02  7.801864147186E-01  2.817449867725E-01
 306  7.905504760742E+02  8.000003662109E+02  7.952777099609E+02  7.779619097710E-01  2.854099869728E-01
 305  8.000003662109E+02  8.094736938477E+02  8.047406005859E+02  7.757391929626E-01  2.890929877758E-01
 304  8.094736938477E+02  8.189701538086E+02  8.142242431641E+02  7.735196352005E-01  2.927919924259E-01
 303  8.189701538086E+02  8.284920043945E+02  8.237333984375E+02  7.713019847870E-01  2.965089976788E-01
 302  8.284920043945E+02  8.380363769531E+02  8.332678222656E+02  7.690864205360E-01  3.002440035343E-01
 301  8.380363769531E+02  8.476056518555E+02  8.428247070312E+02  7.668735384941E-01  3.039959967136E-01
 300  8.476056518555E+02  8.571994628906E+02  8.524062500000E+02  7.646628022194E-01  3.077659904957E-01
 299  8.571994628906E+02  8.668175659180E+02  8.620122070312E+02  7.624543309212E-01  3.115540146828E-01
 298  8.668175659180E+02  8.764571533203E+02  8.716398315430E+02  7.602487206459E-01  3.153589963913E-01
 297  8.764571533203E+02  8.861254882812E+02  8.812938232422E+02  7.580449581146E-01  3.191829919815E-01
 296  8.861254882812E+02  8.958146972656E+02  8.909738769531E+02  7.558431029320E-01  3.230260014534E-01
 295  8.958146972656E+02  9.055295410156E+02  9.006746826172E+02  7.536442875862E-01  3.268859982491E-01
 294  9.055295410156E+02  9.152697753906E+02  9.104034423828E+02  7.514469027519E-01  3.307659924030E-01
 293  9.152697753906E+02  9.250349731445E+02  9.201549682617E+02  7.492522597313E-01  3.346639871597E-01
 292  9.250349731445E+02  9.348249511719E+02  9.299338378906E+02  7.470591664314E-01  3.385820090771E-01
 291  9.348249511719E+02  9.446417846680E+02  9.397372436523E+02  7.448683977127E-01  3.425189852715E-01
 290  9.446417846680E+02  9.544827880859E+02  9.495649414062E+02  7.426799535751E-01  3.464750051498E-01
 289  9.544827880859E+02  9.643475341797E+02  9.594190673828E+02  7.404933571815E-01  3.504509925842E-01
 288  9.643475341797E+02  9.742382202148E+02  9.692968139648E+02  7.383092641830E-01  3.544459939003E-01
 287  9.742382202148E+02  9.841546020508E+02  9.792003784180E+02  7.361271381378E-01  3.584609925747E-01
 286  9.841546020508E+02  9.940986938477E+02  9.891293945312E+02  7.339470982552E-01  3.624959886074E-01
 285  9.940986938477E+02  1.004067810059E+03  9.990859985352E+02  7.317687273026E-01  3.665519952774E-01
 284  1.004067810059E+03  1.014061523438E+03  1.009067443848E+03  7.295925617218E-01  3.706279993057E-01
 283  1.014061523438E+03  1.024082031250E+03  1.019075805664E+03  7.274182438850E-01  3.747250139713E-01
 282  1.024082031250E+03  1.034128906250E+03  1.029108276367E+03  7.252462506294E-01  3.788419961929E-01
 281  1.034128906250E+03  1.044201904297E+03  1.039169555664E+03  7.230756878853E-01  3.829810023308E-01
 280  1.044201904297E+03  1.054300659180E+03  1.049254150391E+03  7.209077477455E-01  3.871400058270E-01
 279  1.054300659180E+03  1.064427124023E+03  1.059366821289E+03  7.187414169312E-01  3.913210034370E-01
 278  1.064427124023E+03  1.074578613281E+03  1.069507080078E+03  7.165766954422E-01  3.955239951611E-01
 277  1.074578613281E+03  1.084757202148E+03  1.079672119141E+03  7.144142985344E-01  3.997479975224E-01
 276  1.084757202148E+03  1.094964965820E+03  1.089864135742E+03  7.122537493706E-01  4.039939939976E-01
 275  1.094964965820E+03  1.105199096680E+03  1.100085083008E+03  7.100946307182E-01  4.082629978657E-01
 274  1.105199096680E+03  1.115459106445E+03  1.110332153320E+03  7.079375386238E-01  4.125539958477E-01
 273  1.115459106445E+03  1.125747192383E+03  1.120607421875E+03  7.057820558548E-01  4.168680012226E-01
 272  1.125747192383E+03  1.136062744141E+03  1.130908081055E+03  7.036287784576E-01  4.212040007114E-01
 271  1.136062744141E+03  1.146405639648E+03  1.141238647461E+03  7.014767527580E-01  4.255639910698E-01
 270  1.146405639648E+03  1.156777709961E+03  1.151596069336E+03  6.993266344070E-01  4.299469888210E-01
 269  1.156777709961E+03  1.167176269531E+03  1.161980224609E+03  6.971784234047E-01  4.343529939651E-01
 268  1.167176269531E+03  1.177603271484E+03  1.172393066406E+03  6.950318813324E-01  4.387829899788E-01
 267  1.177603271484E+03  1.188058227539E+03  1.182833984375E+03  6.928868889809E-01  4.432370066643E-01
 266  1.188058227539E+03  1.198540771484E+03  1.193302734375E+03  6.907436847687E-01  4.477150142193E-01
 265  1.198540771484E+03  1.209052856445E+03  1.203801269531E+03  6.886018514633E-01  4.522179961205E-01
 264  1.209052856445E+03  1.219593994141E+03  1.214326782227E+03  6.864619255066E-01  4.567449986935E-01
 263  1.219593994141E+03  1.230161621094E+03  1.224881225586E+03  6.843235492706E-01  4.612970054150E-01
 262  1.230161621094E+03  1.240759765625E+03  1.235464111328E+03  6.821869015694E-01  4.658739864826E-01
 261  1.240759765625E+03  1.251388061523E+03  1.246077392578E+03  6.800514459610E-01  4.704770147800E-01
 260  1.251388061523E+03  1.262043701172E+03  1.256720581055E+03  6.779173612595E-01  4.751060009003E-01
 259  1.262043701172E+03  1.272730957031E+03  1.267390991211E+03  6.757853031158E-01  4.797599911690E-01
 258  1.272730957031E+03  1.283447021484E+03  1.278092651367E+03  6.736542582512E-01  4.844410121441E-01
 257  1.283447021484E+03  1.294191528320E+03  1.288822998047E+03  6.715249419212E-01  4.891479909420E-01
 256  1.294191528320E+03  1.304966186523E+03  1.299583740234E+03  6.693969368935E-01  4.938820004463E-01
 255  1.304966186523E+03  1.315772949219E+03  1.310374389648E+03  6.672703027725E-01  4.986430108547E-01
 254  1.315772949219E+03  1.326606567383E+03  1.321194580078E+03  6.651452183723E-01  5.034310221672E-01
 253  1.326606567383E+03  1.337473632812E+03  1.332043945312E+03  6.630218625069E-01  5.082460045815E-01
 252  1.337473632812E+03  1.348368896484E+03  1.342926269531E+03  6.608992218971E-01  5.130900144577E-01
 251  1.348368896484E+03  1.359296875000E+03  1.353836669922E+03  6.587784290314E-01  5.179610252380E-01
 250  1.359296875000E+03  1.370254028320E+03  1.364779174805E+03  6.566587686539E-01  5.228610038757E-01
 249  1.370254028320E+03  1.381242919922E+03  1.375753417969E+03  6.545401811600E-01  5.277900099754E-01
 248  1.381242919922E+03  1.392264648438E+03  1.386758666992E+03  6.524229645729E-01  5.327479839325E-01
 247  1.392264648438E+03  1.403316528320E+03  1.397794433594E+03  6.503071188927E-01  5.377349853516E-01
 246  1.403316528320E+03  1.414398681641E+03  1.408862670898E+03  6.481922864914E-01  5.427520275116E-01
 245  1.414398681641E+03  1.425514160156E+03  1.419960449219E+03  6.460791826248E-01  5.477979779243E-01
 244  1.425514160156E+03  1.436661010742E+03  1.431091674805E+03  6.439667940140E-01  5.528749823570E-01
 243  1.436661010742E+03  1.447840209961E+03  1.442255737305E+03  6.418555378914E-01  5.579829812050E-01
 242  1.447840209961E+03  1.459051757812E+03  1.453450195312E+03  6.397457122803E-01  5.631210207939E-01
 241  1.459051757812E+03  1.470297241211E+03  1.464678588867E+03  6.376367807388E-01  5.682910084724E-01
 240  1.470297241211E+03  1.481573486328E+03  1.475940551758E+03  6.355287432671E-01  5.734930038452E-01
 239  1.481573486328E+03  1.492882202148E+03  1.487233154297E+03  6.334221363068E-01  5.787259936333E-01
 238  1.492882202148E+03  1.504225463867E+03  1.498558227539E+03  6.313167214394E-01  5.839909911156E-01
 237  1.504225463867E+03  1.515602416992E+03  1.509919433594E+03  6.292117834091E-01  5.892900228500E-01
 236  1.515602416992E+03  1.527012573242E+03  1.521311889648E+03  6.271082758904E-01  5.946210026741E-01
 235  1.527012573242E+03  1.538455078125E+03  1.532739135742E+03  6.250054240227E-01  5.999860167503E-01
 234  1.538455078125E+03  1.549933715820E+03  1.544198730469E+03  6.229039430618E-01  6.053839921951E-01
 233  1.549933715820E+03  1.561445800781E+03  1.555694213867E+03  6.208029985428E-01  6.108170151711E-01
 232  1.561445800781E+03  1.572990722656E+03  1.567222778320E+03  6.187031269073E-01  6.162840127945E-01
 231  1.572990722656E+03  1.584572143555E+03  1.578786010742E+03  6.166041493416E-01  6.217859983444E-01
 230  1.584572143555E+03  1.596187255859E+03  1.590385375977E+03  6.145057678223E-01  6.273239850998E-01
 229  1.596187255859E+03  1.607839721680E+03  1.602018066406E+03  6.124085187912E-01  6.328970193863E-01
 228  1.607839721680E+03  1.619524536133E+03  1.613687744141E+03  6.103116869926E-01  6.385070085526E-01
 227  1.619524536133E+03  1.631245361328E+03  1.625389648438E+03  6.082162857056E-01  6.441519856453E-01
 226  1.631245361328E+03  1.643003540039E+03  1.637129150391E+03  6.061212420464E-01  6.498349905014E-01
 225  1.643003540039E+03  1.654796386719E+03  1.648905761719E+03  6.040266752243E-01  6.555560231209E-01
 224  1.654796386719E+03  1.666625244141E+03  1.660716674805E+03  6.019331812859E-01  6.613140106201E-01
 223  1.666625244141E+03  1.678491577148E+03  1.672563354492E+03  5.998404622078E-01  6.671100258827E-01
 222  1.678491577148E+03  1.690394653320E+03  1.684449096680E+03  5.977479219437E-01  6.729459762573E-01
 221  1.690394653320E+03  1.702333740234E+03  1.696369140625E+03  5.956564545631E-01  6.788200139999E-01
 220  1.702333740234E+03  1.714310058594E+03  1.708326904297E+03  5.935655236244E-01  6.847339868546E-01
 219  1.714310058594E+03  1.726325073242E+03  1.720323730469E+03  5.914748311043E-01  6.906890273094E-01
 218  1.726325073242E+03  1.738376098633E+03  1.732356811523E+03  5.893849134445E-01  6.966840028763E-01
 217  1.738376098633E+03  1.750466186523E+03  1.744427368164E+03  5.872956514359E-01  7.027199864388E-01
 216  1.750466186523E+03  1.762594726562E+03  1.756536743164E+03  5.852066874504E-01  7.087979912758E-01
 215  1.762594726562E+03  1.774760864258E+03  1.768684082031E+03  5.831182599068E-01  7.149180173874E-01
 214  1.774760864258E+03  1.786965942383E+03  1.780868774414E+03  5.810304880142E-01  7.210800051689E-01
 213  1.786965942383E+03  1.799211059570E+03  1.793093994141E+03  5.789429545403E-01  7.272859811783E-01
 212  1.799211059570E+03  1.811495605469E+03  1.805358886719E+03  5.768555998802E-01  7.335360050201E-01
 211  1.811495605469E+03  1.823818481445E+03  1.817662597656E+03  5.747687816620E-01  7.398300170898E-01
 210  1.823818481445E+03  1.836181152344E+03  1.830006469727E+03  5.726822614670E-01  7.461689710617E-01
 209  1.836181152344E+03  1.848584472656E+03  1.842389404297E+03  5.705961585045E-01  7.525529861450E-01
 208  1.848584472656E+03  1.861027709961E+03  1.854812866211E+03  5.685102939606E-01  7.589830160141E-01
 207  1.861027709961E+03  1.873514160156E+03  1.867277587891E+03  5.664246082306E-01  7.654600143433E-01
 206  1.873514160156E+03  1.886038452148E+03  1.879783081055E+03  5.643391609192E-01  7.719839811325E-01
 205  1.886038452148E+03  1.898606201172E+03  1.892328247070E+03  5.622541904449E-01  7.785549759865E-01
 204  1.898606201172E+03  1.911213989258E+03  1.904916015625E+03  5.601691603661E-01  7.851750254631E-01
 203  1.911213989258E+03  1.923865112305E+03  1.917545654297E+03  5.580843091011E-01  7.918440103531E-01
 202  1.923865112305E+03  1.936558837891E+03  1.930218017578E+03  5.559993982315E-01  7.985630035400E-01
 201  1.936558837891E+03  1.949293579102E+03  1.942932373047E+03  5.539147257805E-01  8.053320050240E-01
 200  1.949293579102E+03  1.962072875977E+03  1.955689575195E+03  5.518300533295E-01  8.121520280838E-01
 199  1.962072875977E+03  1.974893676758E+03  1.968490478516E+03  5.497453212738E-01  8.190240263939E-01
 198  1.974893676758E+03  1.987760131836E+03  1.981334106445E+03  5.476607084274E-01  8.259479999542E-01
 197  1.987760131836E+03  2.000668457031E+03  1.994221557617E+03  5.455760359764E-01  8.329250216484E-01
 196  2.000668457031E+03  2.013622436523E+03  2.007151855469E+03  5.434915423393E-01  8.399549722672E-01
 195  2.013622436523E+03  2.026621337891E+03  2.020129272461E+03  5.414065122604E-01  8.470410108566E-01
 194  2.026621337891E+03  2.039664184570E+03  2.033149291992E+03  5.393216609955E-01  8.541809916496E-01
 193  2.039664184570E+03  2.052753662109E+03  2.046216430664E+03  5.372363924980E-01  8.613780140877E-01
 192  2.052753662109E+03  2.065888427734E+03  2.059327880859E+03  5.351511240005E-01  8.686310052872E-01
 191  2.065888427734E+03  2.079069580078E+03  2.072485839844E+03  5.330654978752E-01  8.759419918060E-01
 190  2.079069580078E+03  2.092295898438E+03  2.085689697266E+03  5.309797525406E-01  8.833109736443E-01
 189  2.092295898438E+03  2.105569824219E+03  2.098939697266E+03  5.288937091827E-01  8.907390236855E-01
 188  2.105569824219E+03  2.118892089844E+03  2.112238769531E+03  5.268071293831E-01  8.982279896736E-01
 187  2.118892089844E+03  2.132259765625E+03  2.125583984375E+03  5.247203707695E-01  9.057769775391E-01
 186  2.132259765625E+03  2.145677001953E+03  2.138975585938E+03  5.226334333420E-01  9.133870005608E-01
 185  2.145677001953E+03  2.159142822266E+03  2.152417968750E+03  5.205456614494E-01  9.210609793663E-01
 184  2.159142822266E+03  2.172657470703E+03  2.165908447266E+03  5.184575915337E-01  9.287980198860E-01
 183  2.172657470703E+03  2.186221679688E+03  2.179447021484E+03  5.163691639900E-01  9.365990161896E-01
 182  2.186221679688E+03  2.199834228516E+03  2.193036376953E+03  5.142800211906E-01  9.444659948349E-01
 181  2.199834228516E+03  2.213497314453E+03  2.206673339844E+03  5.121906399727E-01  9.523980021477E-01
 180  2.213497314453E+03  2.227211425781E+03  2.220362060547E+03  5.101004838943E-01  9.603980183601E-01
 179  2.227211425781E+03  2.240977050781E+03  2.234103027344E+03  5.080095529556E-01  9.684669971466E-01
 178  2.240977050781E+03  2.254792968750E+03  2.247892822266E+03  5.059182643890E-01  9.766039848328E-01
 177  2.254792968750E+03  2.268662597656E+03  2.261735839844E+03  5.038260221481E-01  9.848120212555E-01
 176  2.268662597656E+03  2.282583251953E+03  2.275631835938E+03  5.017329454422E-01  9.930920004845E-01
 175  2.282583251953E+03  2.296556640625E+03  2.289573242188E+03  4.996402561665E-01  1.001440048218E+00
 174  2.296556640625E+03  2.310583496094E+03  2.303581542969E+03  4.975446164608E-01  1.009870052338E+00
 173  2.310583496094E+03  2.324665527344E+03  2.317635986328E+03  4.954492747784E-01  1.018370032310E+00
 172  2.324665527344E+03  2.338800781250E+03  2.331735107422E+03  4.933545589447E-01  1.026939988136E+00
 171  2.338800781250E+03  2.352990478516E+03  2.345909912109E+03  4.912556707859E-01  1.035599946976E+00
 170  2.352990478516E+03  2.367237060547E+03  2.360126464844E+03  4.891577959061E-01  1.044330000877E+00
 169  2.367237060547E+03  2.381538085938E+03  2.374399658203E+03  4.870588183403E-01  1.053140044212E+00
 168  2.381538085938E+03  2.395895263672E+03  2.388728027344E+03  4.849590361118E-01  1.062029957771E+00
 167  2.395895263672E+03  2.410310058594E+03  2.403109863281E+03  4.828585088253E-01  1.070999979973E+00
 166  2.410310058594E+03  2.424782226562E+03  2.417559814453E+03  4.807553589344E-01  1.080060005188E+00
 165  2.424782226562E+03  2.439313720703E+03  2.432060302734E+03  4.786521196365E-01  1.089200019836E+00
 164  2.439313720703E+03  2.453903076172E+03  2.446625488281E+03  4.765467047691E-01  1.098430037498E+00
 163  2.453903076172E+03  2.468551269531E+03  2.461238037109E+03  4.744418263435E-01  1.107740044594E+00
 162  2.468551269531E+03  2.483258544922E+03  2.475912109375E+03  4.723353087902E-01  1.117140054703E+00
 161  2.483258544922E+03  2.498026367188E+03  2.490645996094E+03  4.702275693417E-01  1.126629948616E+00
 160  2.498026367188E+03  2.512855957031E+03  2.505453125000E+03  4.681165814400E-01  1.136219978333E+00
 159  2.512855957031E+03  2.527747314453E+03  2.520316650391E+03  4.660049378872E-01  1.145900011063E+00
 158  2.527747314453E+03  2.542699707031E+03  2.535234863281E+03  4.638928472996E-01  1.155670046806E+00
 157  2.542699707031E+03  2.557716308594E+03  2.550220947266E+03  4.617785811424E-01  1.165539979935E+00
 156  2.557716308594E+03  2.572794921875E+03  2.565273437500E+03  4.596623480320E-01  1.175510048866E+00
 155  2.572794921875E+03  2.587938720703E+03  2.580375000000E+03  4.575465321541E-01  1.185570001602E+00
 154  2.587938720703E+03  2.603146728516E+03  2.595553955078E+03  4.554273188114E-01  1.195739984512E+00
 153  2.603146728516E+03  2.618420410156E+03  2.610793212891E+03  4.533071219921E-01  1.206009984016E+00
 152  2.618420410156E+03  2.633761474609E+03  2.626105957031E+03  4.511840939522E-01  1.216390013695E+00
 151  2.633761474609E+03  2.649167236328E+03  2.641475097656E+03  4.490607678890E-01  1.226869940758E+00
 150  2.649167236328E+03  2.664642578125E+03  2.656913574219E+03  4.469353258610E-01  1.237460017204E+00
 149  2.664642578125E+03  2.680185546875E+03  2.672419189453E+03  4.448082149029E-01  1.248160004616E+00
 148  2.680185546875E+03  2.695798095703E+03  2.688004394531E+03  4.426776468754E-01  1.258980035782E+00
 147  2.695798095703E+03  2.711479248047E+03  2.703652099609E+03  4.405461251736E-01  1.269909977913E+00
 146  2.711479248047E+03  2.727231933594E+03  2.719360839844E+03  4.384137988091E-01  1.280949950218E+00
 145  2.727231933594E+03  2.743056152344E+03  2.735156250000E+03  4.362773299217E-01  1.292119979858E+00
 144  2.743056152344E+03  2.758952148438E+03  2.751022216797E+03  4.341389536858E-01  1.303410053253E+00
 143  2.758952148438E+03  2.774920654297E+03  2.766942138672E+03  4.320009052753E-01  1.314810037613E+00
 142  2.774920654297E+03  2.790963623047E+03  2.782955810547E+03  4.298579394817E-01  1.326349973679E+00
 141  2.790963623047E+03  2.807081542969E+03  2.799032958984E+03  4.277141988277E-01  1.338009953499E+00
 140  2.807081542969E+03  2.823275390625E+03  2.815184814453E+03  4.255681037903E-01  1.349799990654E+00
 139  2.823275390625E+03  2.839544433594E+03  2.831422363281E+03  4.234184026718E-01  1.361729979515E+00
 138  2.839544433594E+03  2.855891113281E+03  2.847729736328E+03  4.212672412395E-01  1.373790025711E+00
 137  2.855891113281E+03  2.872317138672E+03  2.864117919922E+03  4.191132187843E-01  1.385990023613E+00
 136  2.872317138672E+03  2.888821533203E+03  2.880583740234E+03  4.169568121433E-01  1.398329973221E+00
 135  2.888821533203E+03  2.905406005859E+03  2.897125000000E+03  4.147983491421E-01  1.410809993744E+00
 134  2.905406005859E+03  2.922072021484E+03  2.913751953125E+03  4.126365780830E-01  1.423439979553E+00
 133  2.922072021484E+03  2.938821044922E+03  2.930461669922E+03  4.104719460011E-01  1.436220049858E+00
 132  2.938821044922E+03  2.955651123047E+03  2.947251464844E+03  4.083048999310E-01  1.449149966240E+00
 131  2.955651123047E+03  2.972566894531E+03  2.964118164062E+03  4.061359167099E-01  1.462229967117E+00
 130  2.972566894531E+03  2.989568359375E+03  2.981084472656E+03  4.039620459080E-01  1.475479960442E+00
 129  2.989568359375E+03  3.006654541016E+03  2.998122070312E+03  4.017871320248E-01  1.488880038261E+00
 128  3.006654541016E+03  3.023828613281E+03  3.015253173828E+03  3.996083736420E-01  1.502449989319E+00
 127  3.023828613281E+03  3.041092529297E+03  3.032474121094E+03  3.974262475967E-01  1.516190052032E+00
 126  3.041092529297E+03  3.058445068359E+03  3.049781982422E+03  3.952413201332E-01  1.530099987984E+00
 125  3.058445068359E+03  3.075888427734E+03  3.067185791016E+03  3.930524289608E-01  1.544190049171E+00
 124  3.075888427734E+03  3.093423583984E+03  3.084669921875E+03  3.908616602421E-01  1.558449983597E+00
 123  3.093423583984E+03  3.111052246094E+03  3.102254882812E+03  3.886664807796E-01  1.572900056839E+00
 122  3.111052246094E+03  3.128775146484E+03  3.119925537109E+03  3.864689171314E-01  1.587530016899E+00
 121  3.128775146484E+03  3.146594970703E+03  3.137701904297E+03  3.842665851116E-01  1.602360010147E+00
 120  3.146594970703E+03  3.164510253906E+03  3.155568603516E+03  3.820614218712E-01  1.617380023003E+00
 119  3.164510253906E+03  3.182525390625E+03  3.173533447266E+03  3.798526525497E-01  1.632599949837E+00
 118  3.182525390625E+03  3.200640136719E+03  3.191604492188E+03  3.776392340660E-01  1.648030042648E+00
 117  3.200640136719E+03  3.218855712891E+03  3.209765869141E+03  3.754232823849E-01  1.663660049438E+00
 116  3.218855712891E+03  3.237173095703E+03  3.228036621094E+03  3.732025325298E-01  1.679509997368E+00
 115  3.237173095703E+03  3.255595947266E+03  3.246401367188E+03  3.709790408611E-01  1.695569992065E+00
 114  3.255595947266E+03  3.274123535156E+03  3.264878417969E+03  3.687506020069E-01  1.711859941483E+00
 113  3.274123535156E+03  3.292758789062E+03  3.283463623047E+03  3.665178716183E-01  1.728379964828E+00
 112  3.292758789062E+03  3.311502197266E+03  3.302152099609E+03  3.642814755440E-01  1.745129942894E+00
 111  3.311502197266E+03  3.330356445312E+03  3.320950683594E+03  3.620407581329E-01  1.762120008469E+00
 110  3.330356445312E+03  3.349322509766E+03  3.339854492188E+03  3.597963452339E-01  1.779350042343E+00
 109  3.349322509766E+03  3.368402099609E+03  3.358880859375E+03  3.575463891029E-01  1.796839952469E+00
 108  3.368402099609E+03  3.387596435547E+03  3.378024658203E+03  3.552915453911E-01  1.814589977264E+00
 107  3.387596435547E+03  3.406907958984E+03  3.397269775391E+03  3.530337810516E-01  1.832589983940E+00
 106  3.406907958984E+03  3.426338867188E+03  3.416643554688E+03  3.507700860500E-01  1.850870013237E+00
 105  3.426338867188E+03  3.445890136719E+03  3.436140380859E+03  3.485012650490E-01  1.869429945946E+00
 104  3.445890136719E+03  3.465564697266E+03  3.455754638672E+03  3.462280333042E-01  1.888270020485E+00
 103  3.465564697266E+03  3.485362792969E+03  3.475491210938E+03  3.439499139786E-01  1.907400012016E+00
 102  3.485362792969E+03  3.505289062500E+03  3.495344482422E+03  3.416677415371E-01  1.926820039749E+00
 101  3.505289062500E+03  3.525342285156E+03  3.515339111328E+03  3.393788039684E-01  1.946560025215E+00
 100  3.525342285156E+03  3.545527587891E+03  3.535458984375E+03  3.370850980282E-01  1.966609954834E+00
  99  3.545527587891E+03  3.565844726562E+03  3.555707519531E+03  3.347862958908E-01  1.986979961395E+00
  98  3.565844726562E+03  3.586298095703E+03  3.576098632812E+03  3.324810862541E-01  2.007689952850E+00
  97  3.586298095703E+03  3.606888427734E+03  3.596615478516E+03  3.301714062691E-01  2.028729915619E+00
  96  3.606888427734E+03  3.627617919922E+03  3.617280761719E+03  3.278549015522E-01  2.050129890442E+00
  95  3.627617919922E+03  3.648490234375E+03  3.638077880859E+03  3.255335390568E-01  2.071880102158E+00
  94  3.648490234375E+03  3.669507324219E+03  3.659028076172E+03  3.232051432133E-01  2.094010114670E+00
  93  3.669507324219E+03  3.690671142578E+03  3.680114990234E+03  3.208717405796E-01  2.116509914398E+00
  92  3.690671142578E+03  3.711985351562E+03  3.701358642578E+03  3.185311853886E-01  2.139410018921E+00
  91  3.711985351562E+03  3.733452148438E+03  3.722742187500E+03  3.161855340004E-01  2.162699937820E+00
  90  3.733452148438E+03  3.755073242188E+03  3.744294433594E+03  3.138318359852E-01  2.186419963837E+00
  89  3.755073242188E+03  3.776854003906E+03  3.765988769531E+03  3.114731013775E-01  2.210550069809E+00
  88  3.776854003906E+03  3.798794433594E+03  3.787852539062E+03  3.091065883636E-01  2.235130071640E+00
  87  3.798794433594E+03  3.820900146484E+03  3.809877197266E+03  3.067334294319E-01  2.260159969330E+00
  86  3.820900146484E+03  3.843172363281E+03  3.832071044922E+03  3.043528497219E-01  2.285660028458E+00
  85  3.843172363281E+03  3.865615478516E+03  3.854424804688E+03  3.019661009312E-01  2.311630010605E+00
  84  3.865615478516E+03  3.888232910156E+03  3.876954833984E+03  2.995716035366E-01  2.338099956512E+00
  83  3.888232910156E+03  3.911027099609E+03  3.899659667969E+03  2.971697449684E-01  2.365080118179E+00
  82  3.911027099609E+03  3.934001464844E+03  3.922545898438E+03  2.947600483894E-01  2.392590045929E+00
  81  3.934001464844E+03  3.957161132812E+03  3.945619384766E+03  2.923420965672E-01  2.420650005341E+00
  80  3.957161132812E+03  3.980508544922E+03  3.968869140625E+03  2.899172604084E-01  2.449259996414E+00
  79  3.980508544922E+03  4.004048828125E+03  3.992316406250E+03  2.874835431576E-01  2.478460073471E+00
  78  4.004048828125E+03  4.027784912109E+03  4.015949951172E+03  2.850424051285E-01  2.508249998093E+00
  77  4.027784912109E+03  4.051720458984E+03  4.039788818359E+03  2.825920283794E-01  2.538670063019E+00
  76  4.051720458984E+03  4.075861328125E+03  4.063828613281E+03  2.801332175732E-01  2.569730043411E+00
  75  4.075861328125E+03  4.100211425781E+03  4.088072021484E+03  2.776659429073E-01  2.601449966431E+00
  74  4.100211425781E+03  4.124775390625E+03  4.112536132812E+03  2.751887142658E-01  2.633869886398E+00
  73  4.124775390625E+03  4.149557617188E+03  4.137206542969E+03  2.727032303810E-01  2.666990041733E+00
  72  4.149557617188E+03  4.174562988281E+03  4.162099121094E+03  2.702081799507E-01  2.700850009918E+00
  71  4.174562988281E+03  4.199797363281E+03  4.187221191406E+03  2.677032053471E-01  2.735480070114E+00
  70  4.199797363281E+03  4.225265136719E+03  4.212571289062E+03  2.651886940002E-01  2.770900011063E+00
  69  4.225265136719E+03  4.250972167969E+03  4.238162597656E+03  2.626636922359E-01  2.807149887085E+00
  68  4.250972167969E+03  4.276925292969E+03  4.263991699219E+03  2.601287662983E-01  2.844249963760E+00
  67  4.276925292969E+03  4.303128906250E+03  4.290076660156E+03  2.575825750828E-01  2.882250070572E+00
  66  4.303128906250E+03  4.329590332031E+03  4.316406250000E+03  2.550265789032E-01  2.921159982681E+00
  65  4.329590332031E+03  4.356315429688E+03  4.343002441406E+03  2.524589598179E-01  2.961040019989E+00
  64  4.356315429688E+03  4.383311035156E+03  4.369865234375E+03  2.498800754547E-01  3.001919984818E+00
  63  4.383311035156E+03  4.410583496094E+03  4.397000976562E+03  2.472897022963E-01  3.043839931488E+00
  62  4.410583496094E+03  4.438142089844E+03  4.424414550781E+03  2.446878403425E-01  3.086839914322E+00
  61  4.438142089844E+03  4.465992187500E+03  4.452121582031E+03  2.420733124018E-01  3.130980014801E+00
  60  4.465992187500E+03  4.494142578125E+03  4.480125000000E+03  2.394464015961E-01  3.176300048828E+00
  59  4.494142578125E+03  4.522601562500E+03  4.508430664062E+03  2.368068993092E-01  3.222850084305E+00
  58  4.522601562500E+03  4.551378417969E+03  4.537050292969E+03  2.341541945934E-01  3.270689964294E+00
  57  4.551378417969E+03  4.580480468750E+03  4.565987792969E+03  2.314884513617E-01  3.319869995117E+00
  56  4.580480468750E+03  4.609918945312E+03  4.595262695312E+03  2.288083434105E-01  3.370470046997E+00
  55  4.609918945312E+03  4.639703125000E+03  4.624875000000E+03  2.261144220829E-01  3.422539949417E+00
  54  4.639703125000E+03  4.669842773438E+03  4.654840332031E+03  2.234057784081E-01  3.476160049438E+00
  53  4.669842773438E+03  4.700349609375E+03  4.685166015625E+03  2.206823676825E-01  3.531399965286E+00
  52  4.700349609375E+03  4.731235351562E+03  4.715862304688E+03  2.179437577724E-01  3.588340044022E+00
  51  4.731235351562E+03  4.762510742188E+03  4.746948730469E+03  2.151888906956E-01  3.647079944611E+00
  50  4.762510742188E+03  4.794188964844E+03  4.778425781250E+03  2.124183923006E-01  3.707690000534E+00
  49  4.794188964844E+03  4.826284179688E+03  4.810316894531E+03  2.096308618784E-01  3.770289897919E+00
  48  4.826284179688E+03  4.858809082031E+03  4.842627441406E+03  2.068265229464E-01  3.834969997406E+00
  47  4.858809082031E+03  4.891778808594E+03  4.875379394531E+03  2.040041834116E-01  3.901859998703E+00
  46  4.891778808594E+03  4.925209472656E+03  4.908581054688E+03  2.011639177799E-01  3.971070051193E+00
  45  4.925209472656E+03  4.959117187500E+03  4.942252441406E+03  1.983048915863E-01  4.042739868164E+00
  44  4.959117187500E+03  4.993520019531E+03  4.976413085938E+03  1.954262405634E-01  4.117020130157E+00
  43  4.993520019531E+03  5.028435058594E+03  5.011073242188E+03  1.925279945135E-01  4.194049835205E+00
  42  5.028435058594E+03  5.063883300781E+03  5.046261718750E+03  1.896086782217E-01  4.274020195007E+00
  41  5.063883300781E+03  5.099884765625E+03  5.081988769531E+03  1.866685152054E-01  4.357089996338E+00
  40  5.099884765625E+03  5.136461914062E+03  5.118284667969E+03  1.837060153484E-01  4.443480014801E+00
  39  5.136461914062E+03  5.173639648438E+03  5.155165039062E+03  1.807210445404E-01  4.533390045166E+00
  38  5.173639648438E+03  5.211440429688E+03  5.192658691406E+03  1.777123808861E-01  4.627069950104E+00
  37  5.211440429688E+03  5.249894042969E+03  5.230792480469E+03  1.746792048216E-01  4.724780082703E+00
  36  5.249894042969E+03  5.289027832031E+03  5.269591796875E+03  1.716207861900E-01  4.826799869537E+00
  35  5.289027832031E+03  5.328873535156E+03  5.309088378906E+03  1.685360074043E-01  4.933450222015E+00
  34  5.328873535156E+03  5.369463867188E+03  5.349312011719E+03  1.654240489006E-01  5.045070171356E+00
  33  5.369463867188E+03  5.410834960938E+03  5.390300292969E+03  1.622836589813E-01  5.162049770355E+00
  32  5.410834960938E+03  5.453026367188E+03  5.432087890625E+03  1.591137945652E-01  5.284810066223E+00
  31  5.453026367188E+03  5.496079101562E+03  5.474717773438E+03  1.559130847454E-01  5.413829803467E+00
  30  5.496079101562E+03  5.540038574219E+03  5.518234375000E+03  1.526801437140E-01  5.549640178680E+00
  29  5.540038574219E+03  5.584954589844E+03  5.562681152344E+03  1.494138538837E-01  5.692820072174E+00
  28  5.584954589844E+03  5.630880859375E+03  5.608111328125E+03  1.461125314236E-01  5.844039916992E+00
  27  5.630880859375E+03  5.677876464844E+03  5.654584472656E+03  1.427743434906E-01  6.004059791565E+00
  26  5.677876464844E+03  5.726005859375E+03  5.702159667969E+03  1.393976956606E-01  6.173719882965E+00
  25  5.726005859375E+03  5.775340332031E+03  5.750904785156E+03  1.359806060791E-01  6.353990077972E+00
  24  5.775340332031E+03  5.825958007812E+03  5.800896484375E+03  1.325208991766E-01  6.545979976654E+00
  23  5.825958007812E+03  5.877946289062E+03  5.852216796875E+03  1.290162801743E-01  6.750959873199E+00
  22  5.877946289062E+03  5.931401367188E+03  5.904958007812E+03  1.254642158747E-01  6.970399856567E+00
  21  5.931401367188E+03  5.986432128906E+03  5.959223632812E+03  1.218619048595E-01  7.206009864807E+00
  20  5.986432128906E+03  6.043159667969E+03  6.015126464844E+03  1.182063892484E-01  7.459780216217E+00
  19  6.043159667969E+03  6.101721679688E+03  6.072797851562E+03  1.144941598177E-01  7.734069824219E+00
  18  6.101721679688E+03  6.162273925781E+03  6.132385742188E+03  1.107213720679E-01  8.031680107117E+00
  17  6.162273925781E+03  6.224995117188E+03  6.194060058594E+03  1.068836227059E-01  8.355970382690E+00
  16  6.224995117188E+03  6.290090332031E+03  6.258009277344E+03  1.029763221741E-01  8.710969924927E+00
  15  6.290090332031E+03  6.357797851562E+03  6.324458007812E+03  9.899391978979E-02  9.101630210876E+00
  14  6.357797851562E+03  6.428397949219E+03  6.393668457031E+03  9.492998570204E-02  9.534079551697E+00
  13  6.428397949219E+03  6.502219726562E+03  6.465951660156E+03  9.077705442905E-02  1.001599979401E+01
  12  6.502219726562E+03  6.579658691406E+03  6.541655273438E+03  8.652764558792E-02  1.055700016022E+01
  11  6.579658691406E+03  6.661193359375E+03  6.621240722656E+03  8.217062056065E-02  1.116979980469E+01
  10  6.661193359375E+03  6.747413085938E+03  6.705248046875E+03  7.769403606653E-02  1.187100028992E+01
   9  6.747413085938E+03  6.839054687500E+03  6.794328613281E+03  7.308445125818E-02  1.268280029297E+01
   8  6.839054687500E+03  6.937062011719E+03  6.889358398438E+03  6.832280755043E-02  1.363640022278E+01
   7  6.937062011719E+03  7.042669433594E+03  6.991427734375E+03  6.338742375374E-02  1.477600002289E+01
   6  7.042669433594E+03  7.157548828125E+03  7.102038574219E+03  5.824824050069E-02  1.616790008545E+01
   5  7.157548828125E+03  7.284049804688E+03  7.223252929688E+03  5.286613479257E-02  1.791570091248E+01
   4  7.284049804688E+03  7.425650390625E+03  7.358103027344E+03  4.718539118767E-02  2.019300079346E+01
   3  7.425650390625E+03  7.587869140625E+03  7.511331054688E+03  4.112247750163E-02  2.331760025024E+01
   2  7.587869140625E+03  7.780392578125E+03  7.691141601562E+03  3.453944995999E-02  2.795240020752E+01
   1  7.780392578125E+03  8.023221191406E+03  7.914320800781E+03  2.716697379947E-02  3.580939865112E+01
   0  8.023221191406E+03  8.386271484375E+03  8.238314453125E+03  1.803755015135E-02  5.443989944458E+01
